#COLLISION 0 2 3 9 12 18 19 21 36 37 54
#TELEPORT 
 54  54  80  80  80  80  80  80  80  80  80  80  80  80  80  80  80  80  80  80  80  80  80  54  54 
 54  54  80  80  80  80  80  80  80  80  80  80  80  80  80  80  80  80  80  80  80  80  80  54  54 
 54  54  80  80  80  80  80  80  80  80  80  80  80  80  80  80  80  80  80  80  80  80  80  54  54 
 54  54  80  80  80  80  80  80  80  80  80  80  80  80  80  80  80  80  80  80  80  80  80  54  54 
 54  54  80  80  80  80  80  80  80  80  80  80  80  80  80  80  80  80  80  80  80  80  80  54  54 
 54  54  80  80  80  80  80  80  80  80  80  80  80  80  80  80  80  80  80  80  80  80  80  54  54 
 54  54  80  80  80  80  80  80  80  80  80  80  80  80  80  80  80  80  80  80  80  80  80  54  54 
 54  54  80  80  80  80  80  80  80  80  80  80  80  80  80  80  80  80  80  80  80  80  80  54  54 
 54  54  80  80  80  80  80  80  80  80  80  80  80  80  80  80  80  80  80  80  80  80  80  54  54 
 54  54  80  80  80  80  80  80  80  80  80  80  80  80  80  80  80  80  80  80  80  80  80  54  54 
 54  54  80  80  80  80  80  80  80  80  80  80  80  80  80  80  80  80  80  80  80  80  80  54  54 
 54  54  80  80  80  80  80  80  80  80  80  80  80  80  80  80  80  80  80  80  80  80  80  54  54 
 54  54  80  80  80  80  80  80  80  80  80  80  80  80  80  80  80  80  80  80  80  80  80  54  54 
 54  54  80  80  80  80  80  80  80  80  80  80  80  80  80  80  80  80  80  80  80  80  80  54  54 
  0   3  80  80  80  80  80  80  80  80  80  80  80  80  80  80  80  80  80  80  80  80  80   0   3 
  9  12  80  80  80  80  80  80  80  80  80  80  80  80  80  80  80  80  80  80  80  80  80   9  12 
  9  12  80  80  80  80  80  80  80  80  80  80  80  80  80  80  80  80  80  80  80  80  80   9  12 
  9  36   2   2   2   2   2   2   2   2   2   2   2   2   2   2   2   2   2   2   2   2   2  37  12 
 18  19  19  19  19  19  19  19  19  19  19  19  19  19  19  19  19  19  19  19  19  19  19  19  21 