#COLLISION 0 1 2 3 9 10 11 12 14 15 18 19 20 21 22 23 24 25 27 35 36 37 43 54
#TELEPORT 4
#INSTANTDEATH  79
 54  80  80  80  80  80  80  80  80  80  80  80  80  80  80  80  80  80  80  80  80  80  80  80  80  80  80  80  80  80  80  80  80  80  80  80  80  80  80  80  80  80  80  80  80  80  80  80  80  80  80  80  80  80  80  80  80  80  80  80  80  80  80  80  80  80  80  80  80  80  80  80  80  80  80  80  80  80  80  80  80  80  80  80  80  80  80  80   0   3 
 54  80  80  80  80  80  80  80  80  80  80  80  80  80  80  80  80  80  80  80  80  80  80  80  80  80  80  80  80  80  80  80  80  80  80  80  80  80  80  80  80  80  80  80  80  80  80  80  80  80  80  80  80  80  80  80  80  80  80  80  80  80  80  80  80  80  80  80  80  80  80  80  80  80  80  80  80  80  80  80  80  80  80  80  80  80  80  80   9  12 
 54  80  80  80  80  80  80  80  80  80  80  80  80  80  80  80  80  80  80  80  80  80  80  80   0   2   3  80  80  80  80  80  80  80  80  80  80  80  80  80  80  80  80  80  80  80  80  80  80  80  80  80  80  80  80  80  80  80  80  80  80  80  80  80  80  80  80  80  80  80  80  80  80  80  80  80  80  80  80  80  80  80  80  80  80  80  80  80   9  12 
 54  80  80  80  80  80  80  80  80  80  80  80  80  80  80  80  80  80  80  80  80   0   1   1  37  10  36   3  80  80  80  80  80  80  80  80  80  80  80  80  80  80  80  80  80  80  80  80  80  80  80  80  80  80  80  80  80  80  80  80  80  80  80  80  80  80  80  80  80  80  80  80  80  80  80  80  80  80  80  80  80  80  80  80  80  80  80  80   9  12 
 54  80  80  80  80  80  80  80  80  80  80  80  80  80  80  80  80  80  80  80   0  37  10  10  10  10  11  36   3  80  80  80  80  80  80  80  80  80  80  80  80  80  80  80  80  80   0   3  80  80  80  80  80  80  80  80  80  80  80  80  80  80  80  80  80  80  80  80  80  80  80  80  80  80  80  80  80  80  80  80  80  80  80  80  80  80  80  80   9  12 
 54   4  80  80  80  80  80   5   5   5  80  80  80  80  80  80  80  80  80   0  37  10  10  10  11  10  10  10  36   3  80  80  80  34  80  80  34  34  80  80  80  80  34  80  80   0  37  36   1   3  80  80  80  80   7  80  80  80  80  80   0   3  80  80  80  80  80  80  80  80  80  80  80  80  80  80  80  80  80  80  80  80  80  80  80  80  80  80   9  12 
  0  14   1   1   1   1   1  14  14  14   1   3  80  80   0   1   1   1   1  37  10  10  11  10  10  10  10  10  10  36   1   1   1  14   1   1  14  14   2   2   2   2  14   2   2  37  10  11  10  36   2   2   2   2  14   2   2   2   2   1  37  36   1   1   1   1   1   1   1   1   1   3  80  80  80  80  80  80  80  80  80  80  80  80  80  80  80  80   9  12 
  9  27  20  19  19  19  19  19  19  19  19  21  80  80  18  19  19  19  19  19  19  19  19  19  19  19  19  19  20  19  19  19  19  19  19  19  19  19  19  19  19  19  19  19  19  19  19  19  19  19  19  19  19  19  19  19  19  19  19  19  19  19  19  19  19  19  19  19  19  19  19  21  80  22  23  23  25  80  80  80  80  80  80  80  80  80  80  80   9  12 
  9  12  80  52  53  80  80  80  80  80  80  80  80  80  80  80  80  80  80  80  80  80  80  80  80  80  80  80  80  80  80  80  80  80  80  80  52  53  80  80  80  80  80  80  80  80  80  80  80  80  80  80  80  80  80  80  80  80  80  52  53  80  80  80  80  80  80  80  80  80  80  80  80  80  80  80  80  80  22  23  23  23  25  80  80  80  80  80   9  12 
  9  12  80  80  80  80  80  80  80  80  80  80  80  80  80  80  80  80  80  80  80  80  80  80  80  80  80  80  80  80  80  80  80  80  80  80  80  80  80  80  80  80  80  80  80  80  80  80  80  80  80  80  80  80  80  80  80  80  80  80  80  80  80  80  80  80  80  80  80  80  80  80  80  80  80  80  80  80  80  80  80  80  80  80  22  25  80  80   9  12 
  9  12  80  80  80  80  80  80  80  80  80  80  80  80  80  80  80  80  80  80  80  80  80  80  80  80  80  80  80  80  80  80  80  80  80  80  80  80  80  80  80  80  80   0   2   3  80  80  80  80  80  80  80  80  80  80  80  80  80  80  80  80  80  80  80  80  80  80  80  80  80  80  80  80  80  80  80  80  80  80  80  80  80  80  80  80  80  35   9  12 
  9  12  80  80  80  80  80  80  80  80  80  80  80  80  80  80  80  80  80  80  80  80  80  80  80  80  80  80  80  80  80  80  80  80  80  80  80  80  80  80  80  80   0  37  10  12  80  80  80  80  80  80  80  80  80  80  80  80  80  80  80  80  80  80  80  80  80  80  80  80  80  80  80  80  80  80  80  80  80  80  80  80  80  80  80  22  23  25   9  12 
  9  12  80  80  80  80  80  80  80  80  80  80  80  80  80  80  80  80  80  80  80  80  80  80  80  80  80  80  80  80  70  71  80  80  80  80  80  34  34  80  80   0  37  10  10  12  80  80  80  80  80  80  80  80  80  80  80  80  80  80  80  80  80  80  80  80  80  80  80  80  80  80  80  80  80  80  80  80  80  80  80  34  80  35  80  80  80  80   9  12 
  9  12  80  80  80  80  80  80  80  80  80  80  80  80  61  62  80  80  80  80  80  80  80  80  80  80  80  80  80  80   0   3  80  80   0   1   1  15  15   1   1  37  10  10  10  12  80  80  80  80  80  80  80  80  80  80  80  80  80  80  80  80  80  80  80  80  80  80  80  80  80  80  80  80  80  80  80  80  80  80  80  43  80  80  80  80  80  80   9  12 
  9  12  80  80  80  80  80  80  80  80   0   3  80  80   0   3  80  80  80  80  80  80  80  80  80  80  80  80  80   0  37  12  80  80   9  10  10  10  10  10  10  10  10  11  10  12  80  80  80  80  80  80  80  80  80  80  80  80  80  80  80  80  80  80  80  80  80  80  80  80  80  80  80  80  80  22  24  24  24  25  80  80  80  80  80  80  80  80   9  12 
  9  12  80  80  80  80  80  80  80   0  37  12  80  80   9  36   3  80  80  80  80  80  80  80  80  80  80  80   0  37  10  12  80  80   9  10  10  10  10  10  10  11  10  10  10  12  80  80  80  80  80  80  80  80  80  80  80  80  80  80  80  80  80  80  80  80  80  80  80  80  80  22  23  25  80  80  80  80  80  80  80  80  80  80  80  80  80  80   9  12 
  9  12  80  80   6   6  80   0   1  37  10  12  80  80   9  10  36   3  80  80  80  34  34  34  80  80  80   0  37  11  10  12  80  80   9  10  11  10  10  10  10  10  10  10  10  12  80  80  80  70  71  80  80  80   7  80  80  61  62  80  80  80  80  80  80  80   7  80  22  25  80  80  80  80  80  80  80  80  80  80  80  80  80  80  80  80  80  80   9  12 
  9  36   1   1  15  15   1  37  10  10  11  12  80  80   9  10  11  36   1   1   1  15  15  15   1   1   1  37  11  10  10  12  80  80   9  10  11  11  10  10  10  10  10  10  11  36   1   1   1   1   1   1   1   1  14   1   1   1   1   1   1   1   1   1   1   1  14   1   1   1   1   1   1   1   1   1   1   1   1   1   1   1   1   1   1   1   1   1  37  12 
 18  19  19  20  19  19  19  19  19  19  19  21  79  79  18  19  19  19  19  19  19  19  19  19  19  19  19  19  19  19  19  21  79  79  18  19  19  19  19  19  19  19  19  19  19  19  19  19  19  19  19  19  19  19  19  19  19  19  19  20  20  20  20  20  20  20  20  20  20  20  20  20  20  20  20  20  20  20  20  20  20  20  20  20  20  20  20  20  20  21 