#COLLISION 0 1 2 5 16 17 18 32 33 34 48 55 64 65 66 80 81 82 84 87 91 93 95 96 97 98 100 108 116 120 121 122 123 125 128 144 152 191 214 218 
#TELEPORT 6
#INSTANTDEATH  15
 48   3   3   3   3   3   3   3   3   3  16  17  17  17  17  17  17  17  17  17  17  17  17  17  17  17  91  17  17  17  17  17  17  17  17  17  17  17  17  17  17  17  17  17  17  17  17  17  17  17  17  17  17  17  17  17  17  17  17  17  17  17  17  17  17  17  17  91  91  17  17  17  17  17  17  17  17  17  17  17  18   3   3   3   3   3   3   3   3  48 
 48   3   3   3   3   3   3   3   3   3  16  17  17  17  17  91  17  17  17  17 108  17  17  64  65  65  65  66  17  17  17  17  17  17  17  17  17  17  17 108  17  17  17  17  17 123  17  17  17  17  17  17  17  17  91  17  17  17  17  17  17  17  17  17  17  17  17  17  17  17  17  17  17  17 123  17  17  17  17  17  18   3   3   3   3   3   3   3   3  48 
 48   3   3   3   3   3   3   3   3   3  16  17 123  17  17  17  17  17  17  17  17  17  17  80   3   3   3  82  17  17  17 123  17  17  17  17  17  17  17  17  17  17  17  17  17  17  17  17  17  17  17  17  17 123  17  17  17  17  17  17 108  17  17  17  17  17  91  17  17  17  17  17  17  17  17  17  17  17  17  17  18   3   3   3   3   3   3   3   3  48 
 48   3   3   3   3   3   3   3   3   3  16  17  17  17  17  17  17  17  17  17  17  17  17  80   3   3   3  82  17  17  17  17  91  17  17  17  17  91  17  17  17  17  17  17  17  17  17  17  17  17  17  17  17  17  17  17  17  91  17  17  17  17  17  17  17  17  17  17  17  17  17  17  17  17  17  17  91  17  17  17  18   3   3   3   3   3   3   3   3  48 
 48   3   3   3   3   3   3   3   3   3  16  17  17  17  17  17  17  17  17  17  17  17  17  96  97  97  97  98  17  17  17  17  17  17  17  17  17  17  17  17  17  17  17  17  17 108  17  17  91  17  17 123  17  17  17  17  17  17  17  17  17  17  17  17  17  91  17  17  17  17  17  17 108  17  17  17  17  17  17  17  18   3   3   3   3   3   3   3   3  48 
 48   3   3   3   3   3   3   3   3   3  16  17  17  91  17  17  17  17  17  17  91  17  17 108  17  17  17  17  17 123  17  17  17  17  17  17  17  17  17 108  17  17  17  17  17  17  17  17  17  17  17  17  17  17  17  17  17  17  17  17 108  17  17  17  17  17  17  17  17  17  17  17  17  17  17  17  17  17 123  17  18   3   3   3   3   3   3   3   3  48 
 48   3   3   3   3   3   3   3   3   3  16  17  17  17 125  33  33  33  33 214  17  17 125  33  33  33  33  33  33  33  33  33  33  33  33  33  33  33  33  33  33  33  33  33  33  33  33  33  33  33  33  33 214  17  17 125  33  33  33  33  33  33  33  33  33  33  33  33  33  33  33  33  33  33  33  33  33  33  33 214  18   3   3   3   3   3   3   3   3  48 
 48   3   3   3   3   3   3   3   3   3  16  17  17 125  34   3   3   3   3  32 214  17  18   3   3   3   3   3   3   3   3   3   3   3   3   3   3   3   3   3   3   3   3   3   3   3   3   3   3   3   3   3  32 214  17  80   3   3   3   3   3   3   3   3   3   3   3   3   3   3   3   3   3   3   3   3   3   3   3  16  18   3   3   3   3   3   3   3   3  48 
 48   3   3   3   3   3   3   3   3   3  16  17 125  34   3   3   3   3   3   3  32 214  18   3   3   3   3   3   3   3   3   3   3   3   3   3   3   3   3   3   3   3   3   3   3   3   3   3   3   3   3   3   3  32 214  80   3   3   3   3   3   3   3   3   3   3   3   3   3   3   3   3   3   3   3   3   3   3   3  16  18   3   3   3   3   3   3   3   3  48 
 48   3   3   3   3   3   3   3   3   3  16 125  34   3   3   3   3   3   3   3   3  32  34   3   3   3   3   3   3   3   3   3   3   3   3   3   3   3   3   3   3   3   3   3   3   3   3   3   3   3   3   3   3   3  16  80   3   3   3   3   3   3   3   3   3   3   3   3   3   3   3   3   3   3   3   3   3   3   3  16  18   3   3   3   3   3   3   3   3  48 
 48   3   3   3   3   3   3   3   3   3  32  34   3   3   3   3   3   3   3   3   3   3   3   3   3   3   3   3   3   3   3   3   3   3   3   3   3   3   0   1   1   1   5   3   3   3   3   3   3   3   3   3   3   3  16  80   3   3   3   3   3   3   3   3   3   3   3   3   3   0   1   1   1   1   1   2   3   3   3  16  18   3   3   3   3   3   3   3   3  48 
 48   3   3   3   3   3   3   3   3   3   3   3   3   3   3   3   3   3   3   3   3   3   3   3   3   3   3   3   3   3   3   3   3   3   3   3   3   0 122  17  17  17  93   5   3   3   3   3   3   3   3   3   3   3  16  18   3   3   3   3   3   3   3   3   3   3   3   3   0 122  17  17  17  17  17  18   3   3   3  16  18   3   3   3   3   3   3   3   3  48 
 48   3   3   3   3   3   3   3   3   3   3   3   3   3   3   3   3   3   3   3   3   3   3   3   3   3   3   3   3   3   3   3   3   3   3   3   0 122  17  17  17  17  17  93   5   3   3   3   3   3   3   3   3   3  32  34   3   3   3   3   3   3   3   3   3   3   3   0 122  17  17  17  17  17  17  18   3   3   3  16  18   3   3   3   3   3   3   3   3  48 
 48   3   3   3   3   3   3   3   3   3   0   1   1   5   3   3   3   3   3   3   3   3   3   3   3   3   3   3   3   0   1   2   3   3   0   1 122  17  17  17 123  17  17  17  93   5   3   3   3   3   3   3   3   3   3   3   3   3   3   3   3   3   3   3   3   3   0 122  17  17  17  17  17 123  17  18   3   3   3  16  18   3   3   3   3   3   3   3   3  48 
128   3   3   3   3   3   3   3   3  84  16  17  17  93   5   3   3   3   3   3   3   3   3   3   3   3   3   3   0 122  17  18   3   3  16  17  17  17  17  17  17  17  17  17  17  93   1   5   3   3   3   3   3   3   3   3   3   3   3   3   3   3   3   3   3   0 122  17 123  17  17  17  17  17  17  18   3   3   3  32  34   3   3   3   3   3   3   3   3  84 
144   3   3   3   3   3   3   3  84 100  16  17  17  17  93   5   3   3   3   3   3   3   3   3   3   3   3   0 122  17  17  18   3   3  16  17  17  17  17 123  17  17  17  17  17  17  17  93   5   3   3   3   3   3   3   3   3   3   3   3   3   3   3   3   0 122  17  17  17  64  65  66  17  17  17  18   3   3   3   3   3   3   3   3   3   3   3   3   3 100 
144   3   3   3   3   3   3  84 100 100  16  17  17  17  17  93   5   3   3   3   3   3   3   3   3   3   0 122  17  17  17  18   3   3  16  17  17  17  17  17  17  17 123  17  17  17  17  17  93   5   3   3   3   3   3   3   3   3   3   3   3   3   3   0 122  17  17  17  17  80  81  82  17  17  17  18   3   3   3   3   3   3   3   3   3   3   3   3   3 100 
116  55  55  55  55  55  55 218 218 218  16  17  17  17  17  17  93   5   3   3   3   3   3   3   3   0 122  17  17  17  17  18   3   3  16  17  17  17  17  17  17  17  17  17  17  17  17  17  17  93   5   3   3   3   3   3   3   3   3   3   3   3   0 122  17  17  17  17  17  96  97  98  17  17  17  80   3   3   3   3   3   3   3   3   3   3   3   3   6 100 
191  15  15  15  15  15  15 191 191 191  32  33  33  33  33  33  33 120 121   1   1   1   1   1   1 152  33  33  33  33  33  34  15  15  32  33  33  33  33  33  33  33  33  33  33  33  33  33  33  33 120   1   1  15  15   1   1   1   1   1   1   1 152  33  33  33  33  33  33  33  33  33  33  33  33 120  87  87  87  87  87  87  87  87  87  87  87  87  87  95 
