#COLLISION 0 1 2 3 8 9 10 11 12 13 14 15 16 17 18 19 20 21 22 23 24 25 26 27 28 35 36 37 55
#TELEPORT 4
#INSTANTDEATH  79
 55  55  80  80  80  80  80  80  80  80  80  80  80  80  80  80  80  80  80  80  80  80  80  80  80  80  80  80  80   0   2   2   2   2   2   2   2   2   1   1   1   1   1   3  80  80  80  80  80  80  80  80  80  80  80  80  80  80  80  80  80  80  80  80  80  80  80  80  80  80  80  80  80  80  80  80  80  80  80  80  80  80  80  80  80  80  80  80  80  80  80  80  80  80  80  80  80  80  80  80  80  80  80  80  80  80  80  80  80  80  80  80  80  80  80  80  80  80  80  55 
 55  55  80  80  80  80  80  80  80  80  80  80  80  80  80  80  80  80  80  80  80  80  80  80  80  80  80  80  80  18  19  19  19  19  19  19  19  19  19  19  19  19  28  12  80  80  80  80  80  80  80  80  80  80  80  80  80  80  80  80  80  80  80  80  80  80  80  80  80  80  80  80  80  80  80  80  80  80  80  80  80  80  80  80  80  80  80  80   0   1   1   1   1   1   1   1   1   3  80  80   0   1   1   1   1   1   1   1   3  80  80   8  80  80  80  80  80  80  80  55 
 55  55  80  80  80  80  80  80  80  80  80  80  80  80  80  80  80  80  80  80  80  80  80  80  80  80  80  80  80  80  80  80  80  80  80  80  80  80  80  80  80  80   9  12  80  80  80  80  80  80  80  80  80  80  80  80  80  80  80  80  80  80  80  80  80  80  80  80  80  80  80  80  80  80  80  80  80  80  80  80  80  80  80  80  80  80  80  80   9  80  80  52  53  80  80  80  80  12  80  80   9  80  80  80  80  80  80  80  12  80  80  17  80  80  80  80  80  80  80  55 
 55  55  80  80  80  80  80  80  80  80  80  80  80  80  80  80  80  80  80  80  80  80  80  80  80  80  80  80  80  80  80  80  80  80  80  80  80  80  80  80  80  80   9  12  80  80  80  80  80  80  80  80  80  80  80  80  80  80  80  80  80  80  80  80  80  80  80  80  80  80  80  80  80  80  80  80  80  80  80  80  80  80  80  80  80  80  80  80   9  80  80  80  80  80  80  80  80  12  80  80   9  80  80  80  80  80  80  80  12  80  80  17  80  80  80  80  80  80  80  55 
 55  55  80  80  80  80  80  80  80  80  80  80  80  80  80  80  80  80  80  80  80  80  80  80  80  80  80  80  80  80  80  80  34  80  80  80  34  80  80  80  80  80   9  12  80  80  80  80  80  80  80  80  80  80  80  80  80  80  80  80  80  80  80  80  80  80  80  80  80  80  80  80  80  80  80  80  80  80  80  80  80  80  80  80  80  80  80  80   9  80  80  80  80  80  80  80  80  12  80  80   9  80  80  80  80  80  80  80  12  80  80  17  80  80  80  80  80  80  80  55 
 55  55  80  80  80  80  80  80  80  80  80  80  22  23  23  25  80  80  35  80  80  22  23  23  23  24  25  80  80  22  23  23  23  23  23  23  23  23  23  25  80  80   9  12  80  80  80  80  80  80  80  80  80  80  80  80  80  80  80  80  80  80  80  80  80  80  80  80  80  80  80  80  80  80  80  80  80  80  80  80  80  80  80  80  80  80  80  80  80  80  80  80  80  80  80  80  80  80  80  80  80  80  80  80  80  80  80  80  80  80  80  17  80  80  80  80  80  80  80  55 
 55  55  80  80  80  80  80  80  80  80  35  80  80  80  80  80  80  80  80  80  80  80  80  80  80  80  80  80  80  80  80  80  80  80  80  80  80  80   0   3  80  80   9  12  80  80  80  80  80  80  80  80  80  80  80  80  80  80  80  80  80  80  80  80  80  80  80  80  80  80  80  80  80  80  80  80  80  80  80  80  80  80  80  80  80  80  80  80  80  61  62  80   6  80  80  80  80  80   6  80  80  80  80  80  80  80  80   6  80  80  80  17  80  80  80  80  80  80  80  55 
 55  55  80  80  80  80  80  80  80  80  22  24  24  25  80  80  80  80  80  80  80  80  80  80  80  80  80  80  80  80  80  80  80  80  80  80  80  80   9  12  80  80   9  12  80  80  80  80  80  80  80  80  80  80  80  80  80  80  80  80  80  80  80  80  80  80  80  80  80  80  80  80  80  80  80  80  80  80  80  80  80  80  80  80  80  35  80  80   0   1   1   1  14   1   1   1   1   1  14   1   1   1   1   1   1   1   1  14   3  80  80  17  80  80  80  80  80  80  80  55 
 55  55  80  80  80  80  80  80  80  80  80  80  80  80  80  35  80  80  80  80  80  80  80  80  80  80  80  80  80  80  80  80  70  71  80  80  80  80   9  12  80  80   9  12  80  80  80  80  80  80  80  80  80  80  80  80  80  80  80  80  80  80  80  80  80  80  80  80  80  80  80  80  80  80  80  80  80  80  80  80  80  80  80  35  80  80  80  80   9  27  19  19  19  19  19  19  19  19  19  19  19  19  19  19  19  19  19  28  12  80  80  17  80  80  80  80  80  80  80  55 
 55  55  80  80  80  80  80  80  80  80  80  80  80  80  80  80  80  35  80  80  80  80  80  80  80  80  80  80  80   0   1   1   1   1   1   1   1   1  37  12  80  80   9  12  80  80  80  80  80  80  80  80  80  80  80  80  80  80  80  80  80  80  80  80  80  80  80  80  80  80  80  80  80  80  80  80  80   5  80  80  80  35  80  80  80  80  80  80   9  12  80  80  80  80  80  80  80  80  80  80  80  80  80  80  80  80  80   9  12  80  80  17  80  80  80  80  80  80  80  55 
 55  55  80  80  80  80  80  80  80  80  80  80  80  80  80  80  80  80  80  35  80  70  71  80  80  80  80  80  80   9  27  19  19  19  19  19  19  19  19  21  80  80   9  12  80  80  80  80  80  80  80  80  80  80  80  80  80  80  80  80  80  80  80  80  80  80  80  80  80  80  80  80  80  80  80   0   2  14   2   3  80  80  80  80  80  80  80  80   9  12  80  80  80  80  80  80  80  80  80  80  80  80  80  80  80  80  80   9  12  80  80  17  80  80  80  80  80  80  80  55 
 55  55  80  80  80  80  80  80  80  80  80  80  80  80  80  80  80  80  80  80  80  22  24  24  25  80  80  80  80   9  12  80  52  53  80  80  80  80  80  80  80  80   9  12  80  80  80  80  80  80  80  80  80  80  80  80  80  80  80  80  80  80  80  80  80  80  80  80  80  80  80  80  80  80   0  37  10  10  10  12  80  80  80  80  80  80  80  80   9  12  80  80  80  80  80  80  80  80  80  80  80  80  80  80  80  80  80  18  21  80  80  17  80  80  80  80  80  80  80  55 
  0   3  80  80  80  80  80  80  80  80  80  80  80  80  80  80  80  80  80  80  80  80  80  80  80  80  35  80  80   9  12  80  80  80  80  80  80  34  80  80  80  80   9  12  80  80  80  80  80  80  80  80  80  80  80  80  80  80  80  80  80  80  80  80  80  80  80  80  80  80  80  80   0   2  37  10  27  28  10  12  80  80  80  80  80  80  80  80   9  12  80  80  80  80  80  70  71  80  80  80  80  80  80  61  62  80  80  80  80  80  80  17  80  80  80  80  80  80  80   8 
  9  12  80  80  80  80  80  80  80  80  80  80  80  80  80  80  80  80  80  80  80  80  80  80  22  23  25  80  80   9  12  80  80  80   0   2   2  15   2   2   2   2  37  12  80  80  80  80  80  80  80  80  80  80   6  80  80  80  80  80   6  80  80  80  80  80  80  80  80   6  80   0  37  11  10  10  36  37  10  12  80  80  80  80  80  80  80  80   9  12  80  80  80  80  22  23  23  23  23  23  23  23  23  23  23  23  23  23  23  23  25  26  80  80  80  80  80  80  80  17 
  9  12  80  80  80  80  80  80  80  80  80  80  80  80  80  80  80  80  80  80  22  23  25  80  80  80  80  80  80   9  12  80  80  80  18  20  20  20  20  20  20  20  20  21  80  80  80  80  80  80  80  80  80   0  15   3  80  80   0   1  15   1   1   1   3  80  80   0   2  15   2  37  10  10  10  10  10  10  10  12  80  80  80  80  80  80  80  80   9  12  80  80  80  80  80  80  80  80  80  80  80  80  80  80  80  80  80  80  80  80  80  80  80  80  80  80  80  80  80  17 
  9  12  80  80  80  80  80  80  80  80  80  80  80  80  80  80  22  23  25  80  80  80  80  80  80  80  80  80  80   9  12  80  80  80  80  80  80  80  80  80  80  80  80  80  80  80  80  80  80  80  80  80   0  37  10  12  80  80   9  11  10  10  10  10  12  80  80   9  10  10  10  10  27  28  10  10  10  10  11  12  80  80  80  80  80  80  80  80   9  12  80  80  80  80  80  80  80  80  80  80  80  80  80  80  80  80  80  80  80  80  80  80  80  80  80  80  80  80  80  17 
  9  12  80  80  80  61  62  80  80  80  80  80  22  23  25  80  80  80  80  80  80  80  80  80  80  80  80  80  80   9  12  80  80  80  80  80  80  80  80  80  80  34  80  80  80  61  62  80  80  80   0   1  37  10  11  12  80  80   9  10  27  28  11  10  12  80  80   9  10  11  10  10  36  37  10  10  11  10  10  12  80  80  80  80  80  80  80  80   9  12  80  80  80  80  80  80  80  80  80  80  80  80  80  80  80  80  80  80  80  80  80  80  80  80  80  80  80  80  80  17 
  9  36   2   2   2   2   2   2   2   2   3  80  80  80  80  80  80  80  80  80  80  80  80  80  80  80  80  80  80   9  36   1   1   1   1   1   1   1   1   1   1  15   1   1   2   2   2   2   2   2  37  10  11  10  11  12  80  80   9  10  36  37  10  10  12  80  80   9  10  10  11  10  10  10  10  10  10  11  10  12  80  80  80  80  80  80  80  80   9  36   2   3  80  80   5  80  80   5  80  80  80  80  80  80  80  80  80   5  80  80  80  80  80   5  80  80  80  80   4  17 
 18  20  20  20  20  20  20  20  20  20  21  79  79  79  79  79  79  79  79  79  79  79  79  79  79  79  79  79  79  18  19  19  19  19  19  19  19  19  19  19  19  19  19  19  19  19  19  19  19  19  19  19  19  19  19  21  79  79   9  10  10  10  10  11  12  79  79   9  10  10  10  10  10  10  10  10  10  10  10  12  79  79  79  79  79  79  79  79  18  19  19  21  79  79  13   1   1  14   1   1   1   1   1   1   1   1   1  14   1   1   1   1   1  14   1   1   1   1  16  26 
