#COLLISION 0 1 2  5 7 9 10 12 13 16 18 23 28 29 32 33 34 52 54 55 56 58 59 60 61 62 64 65 66 72 74 75 77 79 80 81 82 84 91 94 95 96 97 98 100 108 123 141 148 187 191 192 193 194 202 217 218 219 222 223 251 253 254 255 
#TELEPORT 6
#INSTANTDEATH  15
  3   3   3   3   3   3   3   3   3   3   3   3   3   3   3   3   3   3   3   3   3   3   3   3   3   3   3   3   3   3   3   3   3   3   3   3   3   3   3   3   3   3   3   3   3   3   3   3   3   3   3   3   3   3   3   3   3   3   3   3   3   3   3   3   3   3   3   3   3   3   3   3   3   3   3   3   3   3   3   3   3   3   3   3   3   3   3   3   3   3 
  3   3   3   3   3   3   3   3   3   3   3   3   3   3   3   3   3   3  12  13   3   3   3   3   3   3   3   3   3   3   3   3   3   3   3   3   3   3   3   3   3   3   3   3   3   3   3   3   3   3   3   3   3   3   3   3   3   3   3   3   3   3   3   3   3   3   3   3   3   3   3   3   3   3   3   3   3   3   3   3   3   3   3   3   3   3   3   3   3   3 
  3   3   3   3   3   3   3   3   3   3   3   3   3   3   3   3   3   3  28  29   3   3   3   3   3   3   3   3   3   3   3   3   3   3   3   3   3   3   3   3   3   3   3   3   3   3   3   3   3   3   3   3   3   3   3   3   3   3   3   3   3   3   3   3   3  52   3   3   3   3   3   3   3   3   3   3   3   3   3   3   3   3   3   3   3   3   3   3   3   3 
  3   3   3   3   3   3   3   3   3   3   3   3   3   3   3   3   3   3   3   3   3   3   3   3   3   3   7   3   3   3   3   3   3   3   3   3   3   3   3   3   3   3   3   3   3   3   3   3   3   3   3   3   3   3   3   3   3   3   3   3   3   3   3   3   3   3   3   3   3   3   3   3   9  10   3   3   3   3   3   3   3   3   3   3   3   3   3   3   3   3 
  3   3   3   3   3   3   3   3   3   3   3   3   3   3   3   3   3   3   3   3   3   3   3   3   3   3  23   3   3   3   3   3   3   3   3   3   3   3   3   3   3   3   3   3   3   3   3   3   3   3   3   3   3   3   3   3   3   3   3   3   3   3   3   3   3   3   3   3   3   3   3   3   3   3   3   3   3   3   3   3   3   3   3   3   3   3   3   3   3   3 
  3   3   3   3   3   3   3   3   3   3   3   3   3   3   3   3   3   3   3   3   3   3   3   3   3   3   3   3   3   3   3   3   3   3   3   3   3   3   3   3   3   3   3   3   3   3   3   3   3   3   3  52   3   3   3   3  12  13   3   3   3   3   3   3   3   3   3   3   3   3   3   3   3   3   3   3   3   3   3   3   3   3   3   3   3   3   3   3   3   3 
  3   3   3   3   3   3   3   3   3   3   3   3   3   3   3   3   3   3   3   3   3   3   3   3   3   3   3   3   3   3   3   3   3   3   3   3   3   3   3   3   3   3   3   3   3   3   3   3   3   3   3   3   3   3   3   3  28  29   3   3   3   3   3   3   3   3   3   9  10   3   3   3   3   3   3   3   3   3   3   3   3   3   3   3   3   3   3   3   3   3 
  3   3   3   3   3   3   0   2   3   3   3   3   3   3   3   3   3   3   3   3   3   3   3   3   3   3   3   3   3   3  52   3  54  58  59  59  59  60  59  59  59  59  59  61   3   3   3   3   3   3   3   3   3   3   3   3   3   3   3   3   3   3   3   3   3   3   3   3   3   3   3   3   3   3   3   3   3   3   3   3   3   3   3   3   3   3   3   3   3   3 
  3   3   3   3   3   3  16 141   3   3   3   3   3   3   3   3   3   3   3   3   3   3   3   3   3   3   3  12  13   3   3   3   3  74  75  75  75  75  75  75  75  75  75  77   3   3   3   3   3   3   3   3   3   3   3   3   3   3   3   3   3   3   3   3   3   3   3   3   3   3   3   3   3   3   3   3   3   3   3   3   3   3   3   3   3   3   3   3   3   3 
  3   3   3   3   3   3  16  96   1   1   1   2   3   9  10   3   3   3   3   3   3   3   3   3   3   7   3  28  29   3   3   3   3  74  75  75  75  75  75  75  75  75  75  77   3   3   3   3   3   3   3   3   3   3   3   3   3   3   3   3   3   3   3   3   3   3   3   3   3   3   3   3   3   3   3   3   3  52   3   3   3   3   3   3   3   3   3   3   3   3 
  3   3   3   3   3   3  32  33  33  33  33  34   3   3   3   3   9  10   3   3   3   3   9  10   3  23   3   3   3   3   3   3   3  74  91  75  75 123  75  75  75  91  75  77   3   3   3   3   3   3   3   3   3   3  52   3   3   3   3   3   3   3   3   9  10   3   3   3   3   3   3   3   3   3   3   3   3   3   3   3   3   3   3   3   3   3   3   3   3   3 
  3   3   3   3   3   3   3   3   3   3   3   3   3   3   3   3   3   3   3   3  84   3   3   3   3   3   3   3   3   3   3   3   3  74  75  64  65  65  66 123  75  75  75  77   3   3   3   3   3   3   3   3   3   3   3   3   3   3   3   3   3   3   3   3   3   3   3  52   3   3   3   3   3   3   3   3   3   3   3   3   3   3   3   3   3   3   3   3   3   3 
  3   3   3   3   3   3   3   3   3   3   3   3   3   3   3   3   3   3  84   3 202   3   3   3   3   3   3   3   3   3   3   3   3  74  75  80  81  81  82  75  75  91  75  77   3   3   3   3   3   3   3   3   3   3   3   3   3   3   3   3   3   3   3   3   3   3   3   3  52   3   3 192 193 193 194   3   3   3   3   3   3   3   3   3   3   3   3   3   3   3 
  3   3   3   3   3   3   3   3   3   3   3   3   3   3   3   3   9 217 218 219 218 251   3   3   3   3   3   3   3   3   3   3   3  74 108  96  97  97  98  75  75  75  75  77   3   3   3   3   3   3   3   3   3   3   3   3   3   3   3   3   3   3   3   3   3   3   3   3   3   3   3   3   3   3   3   3   3   3   3   3   3   3   3   3   3   3   3   3   3   3 
 84   3   3   3   3   3   3   3   3   3   3   3   3   3  52   3   3   3   3   3   3   3   3   3   3  52   3   3   3   3   3   3   3  74  75  75  75  75  75  75  75 108  75  77   3   3   3   3   3   3   3   3   3   3   3   3   3   3   3   3   3   3   3   3   3   3   3   3   3   3   3   3   3   3   3   3   3   3   3   3   3   3   3   3   3   3   3   3   3  84 
100   3   3   3   3   3   3   3   3   3   3   9  10   3   3   3   3   3   3   3   3   3   3   3   3   3   3   3   3   3   3   3   3  32  33  33  33  33  33  33  33  33  33  34   3   3   3   3   3   3   3   3   3   3   3   3   3   3   3   3   3   3   3   3   3   3   3   3   3   3   3   3   3   3   3   3   3   3   3   3   3   3   3   3   3   3   3   3   3 100 
100   3   3   3   3   3   3   3   3  84   3   3   3   3   3   3   3   3   3   3   3   3   3   3   3   3   3   3   3   3   3   3   3   3   3   3   3   3   3   3   3   3   3   3   3   3   3   3   3   3   3   3   3   3   3   3   3   3   3   3   3   3   3   3   3   3   3   3   3   3   3   3   3   3  84   3   3   3   3  84   3  84   3   3   3   3   3   3   6 100 
148 222 222 222 223   3  54  55  56 218  58  59  59  59  59  59  59 223   3  52   3  52   3  52   3   3  52   3  52   3   3   0   1   1  59  59  59  59  59  59  59  59  59  59  94  94   2  15  15   0  94  94  94  94  94  94  94  94   5   3   3  54  55  55  62  55  62  55  10   3   3  54 217  62 218 217  62 217  55 187   3  79   3   3   0  94  94  94  94  95 
253 254 254 254 255  15  15  15  72  15  74  75  75  75  75  75  75  77  15  15  15  15  15  15  15  15  15  15  15  15  15  16  75  75  75  75 123  75  75  75  75  75 123  75  75  75  18  15  15  16  75  75  75  75  75  75 108  75 141  15  15  15  15  15  15  15  15  15  15  15  15  15  15  15 191  15  15  15  15  15  15 191  15  15  32  33  33  33  33  34 